2026-10-07T00:32:35Z 44.81 65.82 60.15
2026-10-07T00:33:35Z 50.41 63.81 59.79
2026-10-07T00:34:35Z 42.33 59.20 58.35
2026-10-07T00:35:35Z 43.05 56.83 57.55
2026-10-07T00:36:35Z 24.37 49.13 54.63
2026-10-07T00:37:35Z 17.35 42.71 51.86
2026-10-07T00:38:35Z 42.52 43.96 51.62
2026-10-07T00:39:35Z 32.47 41.21 50.09
2026-10-07T00:40:35Z 22.90 36.69 47.78
2026-10-07T00:41:35Z 13.98 31.61 45.12
2026-10-07T00:42:35Z 11.07 27.60 42.71
2026-10-07T00:43:35Z 10.32 24.35 40.45
2026-10-07T00:44:35Z 9.01 21.45 38.28
2026-10-07T00:45:35Z 10.23 19.63 36.45
2026-10-07T00:46:35Z 18.12 20.08 35.46
2026-10-07T00:47:35Z 16.77 19.62 34.26
2026-10-07T00:48:35Z 27.07 22.51 34.37
2026-10-07T00:49:35Z 17.05 20.70 32.89
2026-10-07T00:50:35Z 14.51 19.51 31.63
2026-10-07T00:51:35Z 13.22 18.15 30.29
2026-10-07T00:52:35Z 16.68 18.15 29.45
2026-10-07T00:53:35Z 18.44 18.51 28.83
2026-10-07T00:54:35Z 16.38 17.76 27.83
2026-10-07T00:55:35Z 17.89 18.14 27.30
2026-10-07T00:56:35Z 17.97 18.33 26.76
2026-10-07T00:57:35Z 18.99 18.65 26.31
2026-10-07T00:58:35Z 19.07 18.83 25.86
2026-10-07T00:59:36Z 11.54 16.70 24.58
2026-10-07T01:00:36Z 9.00 15.08 23.44
2026-10-07T01:01:36Z 8.47 13.79 22.38
2026-10-07T01:02:36Z 7.30 12.42 21.28
2026-10-07T01:03:36Z 6.53 11.28 20.25
